0.18162142471753961,0.05038390767170969,0.07267651398232017,0.05163348402231199,0.577148263671754,0.00807407550094937,0.004689555086879059,0.0006864771467575009,0.007990288219002887,0.008582659884641188,0.008409853788676236,0.002766982532312152,0.00749955822712812,0.003829361211401384,0.014007594336616703
0.38699826069779514,0.009959345799646366,0.05861675384901583,0.3474531648460044,0.05016616287398454,0.010957316484671591,0.021793017007516298,0.000649903168657221,0.0592422205647249,0.012117874659587274,0.022586830139525352,0.003808111454318381,0.007736330535158732,0.002193023880498803,0.005721684038895217
0.6463648842505935,0.024656541927564717,0.10001135983013884,0.04704627773730898,0.05516434188803912,0.004276362478798567,0.012250435027694462,0.0011865605243829268,0.0007637233997830126,0.0038743926520225717,0.05926307489141456,0.01037873895703464,0.017626539910157737,0.005100660984179932,0.012036105540886438
0.3353307202011485,0.015982738960546222,0.2379588361522827,0.04723967099453347,0.24029153850811308,0.005312481857300142,0.008093320143299495,0.0008852686638739097,0.0019505905253281303,0.06858918910823453,0.012611229029015587,0.009846864649384883,0.00410362216482445,0.003792882066968501,0.008011046975146471
0.0008378145446951773,0.00041392765880503366,0.000694443606028102,0.0006530396263664999,0.00064608979623381,0.00012061863103393373,0.9910611938372066,3.1947590995100844e-05,0.00015845663350584407,8.901723629390632e-05,0.000672589606979509,0.00431005898744343,9.150691302053322e-05,7.067261633514402e-05,0.00014862271505725844
0.7645604913019268,0.02246415572109449,0.0597097904935706,0.05537488538332105,0.0256022941601569,0.0023135282573668575,0.004970280372416603,0.002196981646795811,0.005171150767560632,0.004461307606423018,0.018384834277024142,0.004465011624596896,0.02032016912365886,0.0023479946661240413,0.007657124597963393
0.11460535431833402,0.07195071868126982,0.4995269201389886,0.02804724298771084,0.04334455954319119,0.01448941463490268,0.0024351711407302077,0.0015524135347177615,0.002929700604256558,0.0013797263689739217,0.05945410845290365,0.009322402163420208,0.12926683528733235,0.010610041445488796,0.011085390697779484
0.49634351024124557,0.01838767375217292,0.19477180652452858,0.026522294663944696,0.12728189394358702,0.004392963374502916,0.0024178460558201037,0.002701622502790342,0.0009333768597122037,0.01236978799139166,0.03746583130346003,0.0064888909873811,0.034522402981918734,0.0007340482497840456,0.03466605056776023
0.30942147010312526,0.013292644439374677,0.06353715808196225,0.3815118106710425,0.05906709843261744,0.004161030856026119,0.010555285424833099,0.0009448227304390341,0.06411121276419486,0.005392340147029327,0.046991235873751216,0.006817596194920044,0.021337147417335313,0.0033991413451560297,0.009460005518192646
0.7340176709509687,0.025244982347618555,0.023271537772991183,0.0880831435452889,0.08455416252940366,0.00571810754025317,0.0005289389442274124,0.0012631178788728209,0.0031915644484843057,0.003339033748163305,0.012841010382556,0.0041900775447684365,0.005509960242703253,0.005478894573443685,0.002767797550256648
0.6256133570970385,0.018824459399877844,0.06379404575307066,0.07077220208360176,0.08901714902007136,0.0013310910934981799,0.0011237877477694573,0.00047333139685056273,0.0010786313974527595,0.007321518681056693,0.05163247672980297,0.013668463913707778,0.015307486445024323,0.014133982115528673,0.02590801712564864
0.02038799375747779,0.007078243956236463,0.02197912155552762,0.9076449364887017,0.009856480451020763,0.0009509794194219052,0.0023642487726754573,0.00041131339633398566,0.005120389082094024,0.0008408853044508777,0.008167006322102857,0.0013361258936960357,0.011382041088118867,0.001507916376183584,0.0009723181359580736
0.36022267628683274,0.01587665593417419,0.1389697022964345,0.13975855873180143,0.1191287652811264,0.01048949584150951,0.013860195504773288,0.0010124528452276499,0.00497775980754549,0.0072908159527842005,0.03322435861366752,0.01058743466097506,0.058854858530481176,0.012740069391345792,0.07300620032132098
0.6166405775933957,0.009335757886578488,0.07437473228401413,0.10023317598283643,0.07347179436875072,0.004651780601774266,0.005962148258354907,0.0010991582205396862,0.002502793864502174,0.0270423263278194,0.039925651706390695,0.004952287745107805,0.004398358561232128,0.007700195746455485,0.027709260852247845
0.8157897404033616,0.011883410907600225,0.02008722589418624,0.0173732205690045,0.0076622743717788926,0.006961391970597299,0.0036692745458899107,0.0013528430491540077,0.0006900298100977154,0.06384282382169143,0.006406416065424466,0.030351029563815878,0.00605090889573198,0.0036691707594893644,0.004210239372176393
0.6193408660429378,0.17412590740736805,0.067308891691458,0.05761521543595713,0.026849934576868874,0.0010350779303739774,0.006750108177729813,0.0005170986848931803,0.008789015344840792,0.0011397435507112003,0.01624963170178753,0.007277533376613665,0.00454621293492971,0.0070931033951874695,0.0013616597483427923
0.8018194758646722,0.014608730905834385,0.052815039635970194,0.03256515003713056,0.032772324822816626,0.004308463937386477,0.0038047411290176077,0.0011720156183764494,0.004250762006923822,0.010982639850177415,0.008913711292390311,0.010472457225906947,0.006633932836653429,0.003584272889539181,0.011296281947204518
0.0556506252697054,0.004304468895428857,0.05465143709797267,0.01938482526802513,0.020357765893534836,0.7824960656248686,0.009424553422035489,0.00018371199763508807,0.007068870495179805,0.0011421394240257643,0.012853224998836052,0.0068903650791304364,0.020820979071395726,0.0016881751314849359,0.0030827923307410587
0.003396227763940505,0.0008066347876336799,0.002619031933069703,0.974150191506014,0.0018531929602408706,0.002540884096793285,0.0021804330708237608,0.00019837003245124792,0.001772997772499659,0.0010537082939593944,0.0038338994999736805,0.0033532771005030364,0.0007140470340107922,0.0005399599672262121,0.0009871441808601124
0.24703323374882408,0.002312202762517857,0.04518631049897669,0.636812342385715,0.003389471434255438,0.004047954139415159,0.0002320896904814006,0.0013258653149657044,0.0008268311008671252,0.001336327341395284,0.04252348777634393,0.004232865345344318,0.006428944426327386,0.004193775461219903,0.00011829857335090448
0.6537116838365149,0.02037901334014214,0.07359403501864728,0.0220257479229797,0.06561547763741173,0.021911680964356587,0.013443875473717816,0.0010075625327496548,0.024965413700520647,0.006753182392228996,0.0499326102252784,0.0034445425625826216,0.0345617567141047,0.0017007611802685697,0.006952656498496297
0.3620772218263868,0.018237952547929308,0.07867656693869159,0.039805322850017005,0.03237511573218695,0.00615477725454198,0.003840455320801447,0.0007047588337372692,0.027596465560939722,0.034604096491313185,0.11983639544336201,0.004796632843793714,0.025669352984943064,0.004220438896004788,0.24140444647535123
0.00030286661754132867,0.0002954881905455961,0.0018067686462616905,0.00023139106134376566,0.00025691801962430963,0.0001459165711217319,0.00012700512010242323,2.4023752012447953e-05,0.00010470881649040337,0.00011227180453850179,0.0004878273383264847,0.9958474687541943,9.376614043475047e-05,0.00011052917728784823,5.304999017448534e-05
0.2410135797757296,0.04026939283450202,0.10394331641782852,0.38574411846017614,0.038433749817194836,0.01553994199937913,0.0021325542307065997,0.014984235301436806,0.043687657074075945,0.0036248617641672634,0.05406833473435617,0.03490726572271802,0.008905582070691195,0.007615983724461687,0.00512942607257615
0.8227737117499997,0.005024257743226966,0.026654482648065626,0.060078251492038895,0.011857536027294661,0.0016855648654175092,0.0009172738812438669,0.0008327895810477629,0.013445400592006633,0.0033418432221945433,0.004634457802377211,0.012493431333712758,0.0017029366585673653,0.010859873117637517,0.023698189285169122
0.27968103621358387,0.08420569724561751,0.26327801556185315,0.10539880151688999,0.0710848234275904,0.006117136972700648,0.0034732888759528647,0.0014885978274497692,0.004617735273172345,0.01640683153489004,0.058417177862759906,0.01862907046969617,0.04495079845327618,0.03423621597778561,0.008014772786781494
0.2611391185180343,0.01968985193965416,0.058397636333208096,0.5373005851112607,0.022343996913118655,0.011792457296821351,0.0010435645275790363,0.00023844976551328975,0.011672893526964458,0.006999814024524879,0.026069650437059833,0.008351709145930097,0.03195539060790205,0.0012789018911883684,0.0017259799612407173
0.21249139402973474,0.11058546664511615,0.28563804926565617,0.08462470923110432,0.06415892857616906,0.012963354175772067,0.012052958605925777,0.0006553010712690892,0.028076365460398236,0.004157463072444443,0.06107560944935991,0.002690672858563997,0.10969889736995826,0.0024103941669369935,0.00872043602159081
0.40860630675599735,0.02311522522912604,0.11481301878952876,0.04037989166398297,0.24464023045704822,0.0014854155303904843,0.007691460864815886,0.0008235158504407821,0.0011256435673460312,0.09808253976768737,0.02308329427058814,0.0050027075594152905,0.001935676456767122,0.00844926685646796,0.020765806380397434
0.25374680807660716,0.0751287730946674,0.169913221217168,0.05155128581346401,0.143889916015307,0.005848842398739985,0.0025634774262176274,0.013833011127302666,0.0083959402807334,0.005067353779856036,0.0731860231819339,0.01014211358782204,0.046761034199576015,0.012976854729247084,0.1269953450713577
0.680651201786074,0.022195757828426296,0.08945451787660658,0.05153170783382814,0.05652224642711798,0.005354056525503307,0.0022346011410668393,0.0007053356960179666,0.00512197799987953,0.004801791102843251,0.04847599020296654,0.007936735139550895,0.011741486010436019,0.0031699096723351032,0.010102684757347451
0.01948894876235681,0.005559007015436169,0.1340969593465136,0.011089175126748053,0.001354982364782586,0.0002931669969262594,0.0020171114923199797,7.545071475734523e-05,0.00030255355276273505,0.0002189731854882298,0.8118330267618692,0.00024567547413174336,0.007566438565205965,0.0056363774013447315,0.00022215323935653137
0.025603628991817364,0.07738781598530553,0.8556637370062803,0.005508551405396854,0.0007970897635172179,0.0001642004845327288,0.011382893612137596,3.235413237068879e-05,0.00027673897879613594,0.00015290767204854535,0.019613891503341488,0.0028911076637721353,0.00016925958127152638,0.00011349772978334264,0.00024232548962844672
0.9539255956681889,0.0012340941755500058,0.009226015320975379,0.006713441865699795,0.012274861965729413,0.001452934707699256,0.0006763784206271341,0.00011448939805041723,0.0009148320288500967,0.0007510253003792789,0.009303687670963045,0.0005211042629066138,0.0009007999944892185,0.000808436998407928,0.0011823022214835959
0.5441035851836713,0.023274683661660432,0.09804406016523359,0.09219874202457473,0.07657082159312689,0.006085707591956417,0.004575302462690427,0.001633752239362577,0.01358322502232999,0.014934893181100646,0.042248112603322965,0.018485185310942186,0.036901155254625895,0.014009399799664491,0.013351373905737523
0.6239427613637459,0.014614889293415678,0.2125709387522684,0.026697082776039743,0.020805353560787915,0.004231968207156695,0.012227996664707412,0.0005826435005812377,0.0042592191660832624,0.0016947124993962736,0.05401386506777734,0.0023413820927843756,0.013106552719036957,0.002195153186600957,0.006715481149617871
0.12213610401802014,0.24722834763904306,0.2319897064749929,0.026936426643212177,0.022532945610544683,0.0004449780065520736,0.1269273003816265,0.0178536270486676,0.002122285167900111,0.007644697042333674,0.09183313185830885,0.020116786450881687,0.05298693611457643,0.017612988166570046,0.01163373937677002
0.15976315931347876,0.18347904754239355,0.0876024778988895,0.03544909137828068,0.17142348328645354,0.005827988764453928,0.003849301424930273,0.0008753014118506415,0.02752544932787941,0.019584380579821488,0.2538541581295797,0.00518955750860876,0.016749863165709845,0.017518105133026377,0.011308635134643474
0.6389972895541824,0.017088601335347373,0.07857963393970444,0.06834498875025607,0.0322830011706607,0.0009148501015246907,0.004766006015188384,0.0005151189447798345,0.005236687113936853,0.027840172956806124,0.008612073439289901,0.10275561372685388,0.0022854369724599954,0.004662423133298162,0.0071181028457113615
0.22672429530370455,0.09912305689701717,0.13337899100749673,0.027473208551244577,0.1323182848066345,0.0086074122835496,0.015786999948140916,0.008293119733115995,0.011479421264432466,0.02136381572411404,0.12321438967981806,0.021702094974363987,0.14814384020614382,0.008315472028830335,0.014075597591393176
0.16678892717248617,0.009837296218758371,0.2412770707626004,0.030001671339680926,0.009990073754678912,0.0016966904925996608,0.018212337268586534,0.0005184987971030698,0.01439616176715921,0.0013395776147037857,0.03423749347966208,0.002852514603955023,0.45396522956692514,0.0018222637532081425,0.013064193407892466
0.13123486677324125,0.040816594844273975,0.22186099793390887,0.05270168331716628,0.09503795813080837,0.0048680355960821365,0.011256411786428725,0.0013612999780784007,0.10263138774912069,0.008775760177678947,0.25991740173700884,0.004780918922130212,0.04931537751943013,0.012227012485752184,0.0032142930488909243
0.1862911618992631,0.08309395905425607,0.3219150655924108,0.030540778051901536,0.0986724520197009,0.0064747388237691595,0.004120472765890086,0.002196943059670992,0.035309348310872825,0.0027112575676609373,0.11671187685147028,0.040632020883745665,0.02374502836826132,0.009172842878606875,0.03841205387251962
0.11288228460110675,0.015308401314001721,0.6584772138147077,0.02555053910966007,0.021724133281040933,0.0009494539533347465,0.015849448169376903,0.0002663379094480357,0.006611560728382113,0.0005992754238395334,0.06562316909795093,0.0011488290308508669,0.03743439078523332,0.005973930688224359,0.031601032092841916
0.5507294993751465,0.0036160509616270744,0.05670099162075455,0.07866538545363867,0.222136830448368,0.006211940641248555,0.00013634214329761788,0.0009980594568929793,0.0005945336042299799,0.0033878636276594887,0.009835695082109196,0.005190221955583907,0.0003154346246667171,0.02260638904012251,0.03887476196465437
0.13222526377441093,0.01868574391305237,0.09365594714071726,0.021341529559272956,0.02243646391325695,0.003751767703091818,0.004742980725030056,0.0005866018741566356,0.004122119030731488,0.0011872823367516073,0.6368739266014798,0.03545594110909632,0.0015035674294714585,0.020052282576280885,0.0033785823131994757
0.4873776016607496,0.008822130897628906,0.07820947317888624,0.09421157489213217,0.1991224154014884,0.013706302671815131,0.01245917738750688,0.001833457091165777,0.007155820252201698,0.012401665622766518,0.013230199689492735,0.0052210481028590345,0.017140456961697977,0.004214387649393482,0.04489428854021541
0.48148585637679553,0.021186784727967548,0.02619868970300005,0.15564284761268501,0.03493190404685745,0.005976554580942355,0.0019367661799359207,0.0009097461973650514,0.1653334693298568,0.002181014688359101,0.004505686420974108,0.01372420575627016,0.0046568113762941185,0.01981095521545368,0.061518707787243096
0.17068206324437427,0.44321492017461783,0.18624307072099433,0.033773211993732406,0.04667453407862176,0.022416159909440306,0.0018081835911915385,0.0002961041988760614,0.004684461410747007,0.02987626591262521,0.026779288927805178,0.0041851551716425,0.020190374902807902,0.005963259299566435,0.0032129464629571444
0.13917559305599458,0.01628581746930656,0.071262879772139,0.6365754069437419,0.054088207790665976,0.000931318805898821,0.00996915330517004,0.000736455316555537,0.010722178943630228,0.004559427450624998,0.01912626864828562,0.0021314727929358317,0.014572949584244902,0.0046563703926274826,0.015206499728178433
0.38596416025538116,0.1115972867101254,0.12862358098385834,0.09123471024953668,0.13733908599714983,0.0019415049821885381,0.04155590739164679,0.0007140999909651746,0.004429473513621135,0.0016683331886852024,0.035134442303217106,0.020323796349765895,0.035484669452293865,0.001919538567034128,0.0020694100645307152
0.381523186230509,0.041086239665267255,0.16983213476516498,0.03935224126276204,0.24317487360301315,0.0027773357731636704,0.0020416833055875187,0.0005886497494437232,0.0018201019464134606,0.009356411654997442,0.06882333874880113,0.002131784225788413,0.022948371348966743,0.001900599106512186,0.012643048613609233
0.6386270110593271,0.042208284044657506,0.09650339245021611,0.02589742969014839,0.044026660396821425,0.002303444222877165,0.002101551514368505,0.001667417388343599,0.009313560722757474,0.0040449038791993686,0.02295161018862442,0.06077407138557285,0.0447707999295517,0.0026433259400269853,0.002166537187507471
0.2371601661650114,0.02641588777928457,0.07703700257645156,0.39896298546532394,0.10358960767244746,0.006973957757820413,0.0029119036514462173,0.0004930111667567303,0.0334516432606381,0.00904640232059059,0.07354168681162856,0.008910454949447724,0.01253450112024128,0.006781359246364942,0.0021894300565466216
0.420061689357612,0.013870606825239534,0.06745221712923166,0.042072008758864916,0.02193826881689409,0.0014794387224713757,0.0411299838620497,0.0024126738836308882,0.18080249991949246,0.001161528506960803,0.010935496950502822,0.16032061423107682,0.003496331069297739,0.0262497558088127,0.006616886157862453
0.5344353899173686,0.05045356167772488,0.14134220482638377,0.021974228176768747,0.02451296500791935,0.025792276828074442,0.0034011456307708136,0.001545181707603179,0.01863035972587263,0.019151233801374144,0.09963505933315613,0.004340474992817457,0.01598930845865632,0.009688347979073586,0.029108261936435953
0.32953004565008337,0.00901244275039928,0.04800407340094614,0.45323601247838474,0.05493713878722408,0.0015826460309219287,0.01303257061052212,0.003050472397709985,0.04121365816871968,0.004881706850805165,0.027082091057370895,0.0023198401762178564,0.006895639529438361,0.0021145581774674725,0.0031071039337888565
0.24582397255204635,0.08462500013901578,0.22840099154093224,0.08473117522443041,0.055438891613837506,0.0038122411029417338,0.0066540206606001025,0.0011374303199421685,0.04061203438887511,0.0019419291542315405,0.05077084954881653,0.08438459996415704,0.0631071676660642,0.037024638142795184,0.01153505798131403
0.4372991974945354,0.014612358814718968,0.017533598979327134,0.5001399407420176,0.009489511161555716,0.002126214949587145,0.0004539341053446323,0.0002750662203534815,0.0017166504701682827,0.003965049488369977,0.00500995976502518,0.0013932495606615077,0.003173236753406068,0.0013848066967016585,0.0014272247982272715
0.6481161413152123,0.010964558787854854,0.10121761840086803,0.08371259099469441,0.049061691997609735,0.013431765316558632,0.03535724039851123,0.0019089581121893267,0.00182870406948094,0.004666220796060057,0.006556100847546489,0.0031488302401555717,0.005636518058800361,0.0013008504098158517,0.03309221025464207
0.22561994315619224,0.02553839699712919,0.1182536315901611,0.03145872284917886,0.4952995624597896,0.0016291042675876913,0.0009579180707927572,0.00023664263626561034,0.0022715171984404705,0.009632508077198457,0.02370760779215708,0.01968453561665574,0.011696147778197125,0.0296734631374431,0.004340298372810757
0.3328932452050656,0.029627788800344473,0.0724523340625757,0.13049317136125377,0.0409945103410741,0.02523096839257736,0.003133803272477272,0.001180159766166438,0.020554205416878645,0.0345505677023564,0.024382711771958505,0.03361856183933949,0.027232458889373035,0.01903308861448777,0.2046224245640715
0.1651306990921201,0.04888805733713248,0.577648704852534,0.032347839492202955,0.08153532972926703,0.002155219334753715,0.007420686454271496,0.00046749108927249624,0.0012058295351772927,0.0009584757159280779,0.031769166071775885,0.02198623415809202,0.01835076805688745,0.0019099160081132412,0.00822558307247186
0.0578422293908782,0.0024333026182187904,0.006722319262000714,0.8867091172924053,0.009464413099326083,0.0011568839765168555,0.0008426280866575492,0.0002966069637680926,0.005662486364563631,0.0008340164089814271,0.0042091929531116535,0.0038318346437753374,0.014573913706689813,0.005024201747752305,0.0003968534853541457
0.3059074566808028,0.018025654172496956,0.48164168704929977,0.03768028134810163,0.04667053321289597,0.0016290599339397324,0.007489561689783664,0.00039171270901863336,0.014395119481676301,0.004398283541896325,0.04463040841511769,0.004662644515966614,0.026465733935292658,0.0030048239316476616,0.0030070393820636945
0.013442067280729542,0.0026021093065000055,0.003090597825466069,0.01724476382123518,0.015409920077090869,0.001128050266822269,0.0029620710864553318,0.00036430000230260734,0.0021951956823643487,0.005701492955957034,0.9296051114201681,0.0013825760368288873,0.0014638899460479638,0.0012470801261619143,0.00216077416586974
0.23489734419390576,0.034541981941676556,0.06676942253628779,0.43803289587759187,0.06384071167197665,0.001986776133380326,0.006667844857446032,0.0005035519199880515,0.018992530044824353,0.008862213363711242,0.06619020283099211,0.007519684918133058,0.03762043435463665,0.006081871695869725,0.007492533659579982
0.5464565112823954,0.03544695671363099,0.08411607059743856,0.11514575399465446,0.077243755961039,0.006250444382182146,0.008893545595440356,0.0018074015547490695,0.004526021656809672,0.031193341716410302,0.024838690967108692,0.008484439963388334,0.011140096851841268,0.01890329166583887,0.025553677097072878
0.19107490035442762,0.006285977399946982,0.0924194359074694,0.5660808119582897,0.07489225310607908,0.00763791227279686,0.00287300241520159,0.000518864069428095,0.0038578048608393506,0.008801678048990968,0.01421011921514405,0.0024968042919469528,0.0045828150992693025,0.0032323503081137968,0.021035270692056306
0.20001790914378167,0.040884721677718935,0.19735888089744008,0.13186353450055194,0.08235196043807402,0.024777716009664334,0.0054056539977993395,0.001968316996192322,0.012588997947403705,0.04855213463489733,0.045281070655216984,0.012650437940446286,0.1586460981580306,0.014108898335306253,0.02354366866747614
0.35128925520969895,0.08819456431991479,0.19909579271131672,0.053806902687520655,0.14892618730635485,0.02710234177523159,0.007369350939379796,0.0012671266575637833,0.04908136533139567,0.0021527035876708076,0.027341638336370825,0.010028470439169955,0.010337372704199791,0.01865237710893011,0.005354550885281613
0.10867651185713176,0.006323602035711147,0.7864522788286242,0.0034741818677731895,0.0238264784439962,0.00011801154585236982,0.0022788732856730983,9.747184166199713e-05,0.00026006987279178566,0.00013062680786223903,0.024101867449303822,0.010184920511395624,0.011262739216292677,0.00028219142796092716,0.02253017500796897
0.4530841984174463,0.03461004231726812,0.11845621134085677,0.08373885693795968,0.12259074192011321,0.026207022789779683,0.009604083694242555,0.02031121084812767,0.007848503721029668,0.0023075860514428998,0.02055713511150825,0.006732887851046966,0.01021654363666439,0.05041208588554002,0.03332288947697386
0.06787410939275917,0.7477799201354012,0.047355146513579985,0.011006678888729407,0.007335843144622062,0.11090265205447271,0.00013367788382450448,9.511672811591207e-06,0.00015910671214573223,4.0454828255497555e-05,0.006126684240054284,0.0010352536485292805,0.00011813997876967249,3.0585301050428184e-05,9.223560499446859e-05
0.5070492058521907,0.027397291148884596,0.22355544427830826,0.041393417394487125,0.07458701765273965,0.00820681942069645,0.003037232380046743,0.0007338945375398165,0.004451162116886594,0.013864465331213948,0.04812599859682415,0.009288298342473767,0.01980198889111866,0.009225820615751284,0.009281943440838101
0.5403303201934514,0.049745791769519085,0.14070510835584898,0.024411221459539396,0.08313041147931237,0.004817034939796578,0.0038400378353401626,0.007135050609821751,0.009467792202634252,0.03837311685103837,0.023770526851487422,0.005923557274395902,0.03952459281201988,0.0030719446370022934,0.02575349272879228
0.3302354178275152,0.015178499628659917,0.03616363757063101,0.5373359331043391,0.04403651150039963,0.0012848460098175015,0.0012972552331582342,0.00020884375117653553,0.0011946293894164925,0.006243995779259404,0.017848974111783916,0.002134563350254391,0.004933005929800191,0.0010168334260248157,0.0008870533877636861
0.7581261113989438,0.00836614461231903,0.05400784720156281,0.10741638689517351,0.02058425854958524,0.0010475876506360932,0.00165837397651177,0.0002900245192456196,0.007031621124339511,0.0008470241089491991,0.007393688736651736,0.0019384540269785507,0.01657512234216476,0.006359583347745456,0.008357771509192827
0.33209847913923435,0.07450299399640445,0.12760736444134257,0.15126377742113994,0.1474648210745422,0.009334853498147264,0.004569698583815774,0.0014326230443798126,0.0037088973559340215,0.033670584316677715,0.0755086451298378,0.009709791822674792,0.012664134222753282,0.009699307185645923,0.006764028767470178
0.7992648801274864,0.009517246622268532,0.009131299501842188,0.09933579499819772,0.012401992073678765,0.007973226942149525,0.0006478523316950206,0.0016610779287424976,0.03618103317164945,0.0015147298448234285,0.004714844389577049,0.004087545686989722,0.0032407129409971324,0.004540009199515614,0.0057877542403868484
0.3252238885688188,0.016762728435489004,0.32635009201041343,0.032174619547244244,0.04573972062693453,0.006275114499276784,0.0007949986756155783,0.0010225252209013524,0.06724823811458192,0.002369327102289448,0.10127868972044776,0.0084274826320673,0.03839694097797364,0.0014220261524698062,0.026513607715476385
0.16398637589576104,0.009344686077121748,0.01297438959271323,0.023111098456425696,0.010180905770170463,0.0005294491832373525,0.002869554565360446,0.00035952781325210905,0.0005157432471066677,0.0033883197016913434,0.004231405872699363,0.003764745611509446,0.003914239456612006,0.7591257051543757,0.0017038536019634309
0.501500245010244,0.031572553432914985,0.1769552817822872,0.03304218945721753,0.12164076923657208,0.0009585318317444015,0.0014433057869926475,0.0004950196301130376,0.004531858265818673,0.01628257456028012,0.03574528234681764,0.01598705528546214,0.0052490892220569555,0.004663342459773189,0.04993290169170553
0.7571216408607648,0.0688185581105766,0.07804045343473653,0.01821889940129464,0.013150607004529354,0.0010401562454751875,0.0010102297741799917,0.002206889418734115,0.011542499056576287,0.002884718940246336,0.011058791471500209,0.011812274170642944,0.012270334893595875,0.008934293222139974,0.00188965399500711
0.3449692575367087,0.10035166295445916,0.0767439480571632,0.05287864184298802,0.1758178237971173,0.005005333134288534,0.007242260928507889,0.001382950831058638,0.03680150727346247,0.02934196754438959,0.047231389346571714,0.017044798383165822,0.006739026537389424,0.06887517991323377,0.029574251919495725
0.10743223291524982,0.026167395430140968,0.08986349953898767,0.03400190787660402,0.6435659728885962,0.003406013815672527,0.0017556326046119443,0.0004119492163907215,0.0017738046576791927,0.00633860352203766,0.042524202695758774,0.014071589800446429,0.018876932868633747,0.00498027084535869,0.0048299913238314
0.15696639565295797,0.14677297702741007,0.5709414970019759,0.020927361839475488,0.021747218845425395,0.0019931875961718675,0.007282991150754108,0.00045889017695228496,0.0007539537439917647,0.0013509273379948453,0.062069333720057455,0.0015700482476606456,0.00550162360234535,0.0005554650603147031,0.0011081289965120796
0.37627850267653123,0.014037676629887216,0.1916344161768661,0.18448991703949963,0.039135126632342594,0.02724833411374028,0.00831767773407553,0.0018317526585600824,0.008700932043167983,0.003916281116194094,0.04312753547265262,0.0515445636579816,0.03200367036859057,0.00826251440460599,0.009471099275304453
0.06693501683751456,0.016728741115347223,0.05835716611722984,0.7874573910301509,0.010539577305767949,0.002358134095116267,0.000880815009456182,0.0023134328160555077,0.007779527144207978,0.00022280542322821822,0.01016477895291129,0.006615408315467783,0.020651527068447834,0.00763803114259215,0.0013576476265064201
0.22484938015259232,0.08908766893268731,0.328649174441907,0.10304244580443064,0.08344595802108827,0.047181033624397996,0.0024063297785599153,0.0017109138559606935,0.006792682539981479,0.015630911027016536,0.04223726172166384,0.014871560016615139,0.025204480150151858,0.007132107847606215,0.007758092085340734
0.2919408029679155,0.11825932469290407,0.1140664554930502,0.28927491799845084,0.0682295197006112,0.01800675083560044,0.00753234608008021,0.0033479876192136146,0.008998509656990181,0.021248729438102618,0.025976718143359077,0.01007091969770373,0.002790066507810176,0.012554763586081156,0.007702187582127024
0.30720436322130623,0.04359927774440345,0.17110780695355915,0.10796460547685918,0.06774777038922815,0.01733523786163945,0.015850347777786784,0.004317191837120467,0.01955090805335761,0.02463962533481137,0.07680893197757757,0.03649599067973795,0.012517188964706539,0.08088398993445522,0.01397676379345084
0.06311522717198448,0.008129173716553974,0.015609477995379647,0.8617078771636938,0.017686943381863753,0.0017191989874836126,0.0009090614404216386,0.00035322246202551007,0.0019056270591811767,0.0026298448114240335,0.004551442476490234,0.001518705678889023,0.012476183675450257,0.006589624959376159,0.0010983890197828697
0.6693822466306061,0.024881986456696578,0.10148218569702325,0.05950547613200212,0.04292138206616567,0.0030344348261750367,0.0034138335245424345,0.001673326675323733,0.010120224821680157,0.01660476634903455,0.023052588692986865,0.0025271872147933673,0.026033277927992694,0.007992671866303492,0.007374411118674053
0.36801845696694574,0.02036701936490976,0.2478047427463934,0.11339822895534923,0.06213788801626387,0.028783683124865105,0.01026312803247444,0.0015373977164140874,0.014199850675404621,0.015277832266385415,0.04194482846295792,0.0020404487058152685,0.02518032286376233,0.02948094146643574,0.01956523063562302
0.18545795927990288,0.00823226536781159,0.1045079936470088,0.03927381650073154,0.143083742398108,0.012284614236473706,0.01155042440702064,0.0006449264841482921,0.0009421223598457101,0.005391802851699792,0.006976621759155639,0.4701000188537166,0.006362433180827515,0.0031348130070055096,0.0020564456665437434
0.32841925081907364,0.0036099699346785756,0.09650642681709848,0.01204284517476887,0.053656223606231415,0.0025929783911519456,0.0032237401566460114,0.004653739236754152,0.035575094903155816,0.021434808505750726,0.018446928347714664,0.39102417922037086,0.0044090456039732676,0.0033558193727411447,0.02104894990989053
0.5601322842449075,0.043412498173174684,0.05534257869856002,0.14199873046087075,0.023875682466894112,0.00327532509034035,0.012096348517208026,0.007025557944262798,0.027134444072585345,0.011719266491651009,0.04493182697216077,0.020508323242074956,0.020159625603527416,0.006227992739429782,0.02215951528235238
0.7093663405751074,0.05917241249948379,0.055147056187592476,0.07773894510219201,0.025143823527189888,0.0024407829987644143,0.0017650909018495818,0.0006664592914285106,0.003490612624494052,0.004756495409141922,0.02067864448329839,0.004736253899671238,0.023262846727863898,0.00639165153126527,0.005242584240657224
0.8277364885617517,0.011163643801135697,0.04549916415294896,0.019415133850368957,0.014338766109846631,0.0012881779295646724,0.00047058036147526125,0.00039089783439909357,0.0023329710192658026,0.0006229734189848333,0.03322908195561345,0.005734833544519646,0.03559212911827682,0.001329508594852243,0.0008556497469961207
0.3291962568799419,0.053374247788493034,0.10607355885176767,0.028124394628130198,0.323861591518243,0.023481184457198673,0.02953658145879539,0.0017909703251734147,0.0014576124549020993,0.013653617192334183,0.07209453765465096,0.0017887558780347655,0.0027816623628880285,0.007532324945133247,0.0052527036043134336
0.20228587762947012,0.0008708913712832286,0.034657081775753294,0.012023231862550731,0.02195009338545557,0.00014666424831055746,0.005028997215233393,1.0777793964739906e-05,0.00656687981155885,0.00020201812923574278,0.012275436784780729,0.00538459621635618,0.0001529143054682046,0.025510683694345285,0.6729338557762334
0.432376629299174,0.019138599288174747,0.07560539816188501,0.32422517356967967,0.059859029275321,0.0020834947811742698,0.0049742828619851,0.0005635971832074312,0.0009583574700166985,0.002266897306961088,0.0029371148638656303,0.027792745693048085,0.005445693194031147,0.026041015905511174,0.015731971145965137
0.13639690664483495,0.022918832030027744,0.020179191815820105,0.012241630018616155,0.7236071517079623,0.0009965946952387294,0.0062148868167078075,0.0003920610532279529,0.002168147931617393,0.0038317680257199385,0.01696029067646939,0.0019356586428796458,0.002649445804000583,0.017643691929009917,0.031863742207867356
0.32096294650431284,0.008253427371017327,0.17964726671753084,0.07045773763055813,0.148533341148703,0.013499457279478775,0.005671929233760509,0.0013472011360162062,0.042500375532632716,0.008417616182142927,0.08269006811430327,0.008135740518684282,0.059960389866350015,0.02100973307847988,0.028912769686029096
0.22933078941839202,0.03933561606022931,0.2555860760756965,0.06675622961622638,0.07969201516053562,0.025243391281825674,0.10770048505794842,0.0015626379173150375,0.010093577884912835,0.013953415587424644,0.04001056030928517,0.023047047175243193,0.08070943748262752,0.008359097293514705,0.018619623678823128
0.9166379951155992,0.0017170127074651194,0.01271852862722679,0.01653769291006783,0.017134594134649572,0.00038334849824803576,0.006677029381579693,0.00046833134737404066,0.0005341764623427546,0.005749266299744438,0.006854761302665345,0.007944024628213588,0.0003518466551992402,0.001208481231877502,0.0050829106977470445
0.3814480461125711,0.008967801401438338,0.21777018086515582,0.019622468583676743,0.17801410207956608,0.00943046295870572,0.0014455494405223497,0.0007030116187074639,0.01134440894751268,0.002991110071303546,0.12911339489317417,0.009077245837836678,0.006948723156534522,0.003388517014478685,0.019734977018816106
0.4667642168482108,0.027784574248287702,0.15467463677213902,0.09684910174237468,0.10187322049520403,0.005175267282449665,0.011831792954710025,0.0011147569425056974,0.010142645933941636,0.012018741159253422,0.03282334056279443,0.038645214989202654,0.021483264162371854,0.00867539537307198,0.0101438305334824
0.2979739628438366,0.013620124045434246,0.11139574555329312,0.18471560075724153,0.23009548300020194,0.02820298828687219,0.0023843254485203785,0.003952874192636148,0.006100457470689848,0.011760607924854878,0.018340597859725208,0.002720891366874167,0.07361351105065138,0.0037510324860400898,0.011371797713128339
0.3208462687649445,0.09836595825211197,0.10860982382942157,0.044659285122924705,0.05299771216316698,0.001620181854509012,0.0005461663122552866,0.0003078598614998793,0.00251823572499996,0.03210538697345047,0.021217457994497202,0.0058139066193994265,0.2578401258260978,0.016905505068517908,0.035646125632203304
0.0022212892820002027,0.0013217704346437957,0.00241633434593557,0.000863876315108874,0.004337622867270205,0.9801368332342938,0.00037320388370231777,0.0003335813745043811,0.0007203566994736734,0.001717428993441099,0.0030263118657485647,0.0005696048115036436,0.0010796866320406313,0.0003754883589857522,0.0005066109013475226
0.3679410506896658,0.008868454215259407,0.12794529937348778,0.03229527005693019,0.322419443200049,0.002798214635006511,0.0482358159815326,0.0005413160850662676,0.009769938822282588,0.00815738620864467,0.013928617007700983,0.033723093868576456,0.005815924528674258,0.010756748452077202,0.006803426875046249
0.3738761931403792,0.04133395137317377,0.10123129771098546,0.3021718660189292,0.027410844846559833,0.03359029004291813,0.008958831145670455,0.0017138465021145342,0.03321384692470062,0.010782718452646656,0.018115009892196145,0.0190921496637977,0.017718679403340983,0.00362638882449506,0.007164086058092336
0.41219753750363763,0.06650619897919423,0.20986240524469335,0.014887186266144032,0.10222799702500868,0.005259222592196669,0.0073952800825310755,0.0011904436542896635,0.0034814329224365868,0.021062187502257565,0.06746956095604141,0.048719102016568254,0.014977637169349174,0.008132861016461145,0.016630947069190643
0.07106364859942693,0.04292905201406834,0.19849812966032226,0.06636895158661588,0.1358881548897352,0.0045239675338556605,0.008361617493283681,0.0008539384223399053,0.02072936802593913,0.006309686180918323,0.09769827683226226,0.002441752803520213,0.3365120307288339,0.002922989628497992,0.004898435600380252
0.47851229302810694,0.012847399397181276,0.14684039561864123,0.226827339839596,0.05462458651695844,0.008382658836927216,0.0012791584427561966,0.0007333206817361298,0.005099703536653546,0.010321681761510278,0.02726999460194396,0.003954604540535526,0.00805842368972843,0.009214000086299757,0.006034439421425114
0.30727609260709976,0.049889307938443324,0.10177719268276122,0.3669635420997883,0.046673734078044045,0.0026738003160868733,0.0013593653778720583,0.0007061445476157545,0.003510985715831489,0.010996596808302126,0.04770350050486794,0.014225995823937715,0.003529597527441225,0.03391139114530064,0.008802752826607441
0.1137672579201528,0.00936820724063667,0.06081293360395774,0.021475005508292982,0.00813075384615151,0.7120608690289032,0.0007334830703668446,0.00030546450642067636,0.0019231455527857124,0.003166025326957827,0.029388959679503057,0.007071837776241785,0.008388344244357169,0.0074516762290469975,0.015956036466224986
0.12521969684841452,0.7228426303809049,0.06398886739671567,0.009187830773725852,0.016171147169557542,0.0005551038174082714,0.0008607752658550318,0.00023786423073565046,0.0018149068788301955,0.005382335437890699,0.036187788682018454,0.006837465689077527,0.009162353733959828,0.0010296599424357918,0.0005215737524701785
0.30043321265579026,0.008185417180847615,0.05133097048564666,0.48603162791275006,0.0245873853587225,0.0077888854545641525,0.0008478330323149238,0.0005046962983585679,0.0019037788151824793,0.004773590041864671,0.04038477319644484,0.0034658368665914023,0.04661709216862492,0.005265033301912557,0.017879867230384372
0.31365943365896126,0.012193176442392735,0.13775447069984126,0.09843020152274298,0.09688106930945234,0.005330229268247272,0.007419871145680072,0.0006345416157722207,0.15038397117803454,0.03762515149814917,0.03980003407167235,0.00737448176110655,0.06454780562664689,0.015173703940752657,0.012791858260547642
0.3451350754279777,0.027877210275779128,0.11776431219175357,0.024149846350996533,0.052496909500383215,0.010572167983138982,0.009726601629819386,0.000840444247606064,0.0012157259504792265,0.007857066981158359,0.08413713027548364,0.010591755585346318,0.1414621113216406,0.017166554043845907,0.1490070882345913
0.06557586537739006,9.907232954255068e-05,0.00017564396218109122,0.9022452158768515,0.005161139264796452,8.395656237490869e-05,0.00011681125975551932,5.205204072829933e-05,0.00021097667519527277,0.010458317072922232,0.005135414367618083,0.005071676439771341,0.00527244650174798,0.00030092445586194666,4.048781326281885e-05
0.6219858662483672,0.04374443456899883,0.061791118524198864,0.03842994310508496,0.04175391456861461,0.0014294294304638883,0.03172501764093627,0.0007873470012917361,0.008120828610485287,0.009949650373576731,0.04566465525738468,0.0027068935240308666,0.07756708894722775,0.001978871227303175,0.012364940972035242
0.7883936002627123,0.008224619309551862,0.04215082147610597,0.09162607184347307,0.020807059278900423,0.0014119278213470248,0.0032815174363536453,0.00023926082720740775,0.012508628795420185,0.0021108716463928,0.010496848510982927,0.005588681860932466,0.008544325826579095,0.004088229609272322,0.0005275354947684289
0.18265270272357492,0.03926772060120452,0.5642458715399108,0.017482387821855367,0.06506625661281983,0.0019993488676507977,0.004241663769011422,0.0008115326579607922,0.02044971928435955,0.003693655761297506,0.05070317409262768,0.011821602054367357,0.009985211939675491,0.014730279772082976,0.012848872501600977
0.5963519728376017,0.017047680906912926,0.06492467889067594,0.03627497185275121,0.13650720440041283,0.0035300946105285337,0.0019262498619151188,0.000575473373651877,0.011179346747465646,0.007673539202530166,0.016224140816686057,0.0035251152287482652,0.015561184570136997,0.004260856143271288,0.08443749055671144
