id,class_0,class_1,class_2,class_3,class_4,class_5,class_6,class_7,class_8,class_9,class_10,class_11,class_12,class_13,class_14
2,0.014458494872143159,0.0009367844631077529,0.0011305329921663413,0.00146011605649364,0.9773231054576954,0.0003989532203995902,0.00043631311581182494,0.00039989972232593697,0.0004656523461222483,0.0006941353579628821,0.0004607936636829004,0.0004217192241360137,0.000410316791328506,0.00047744620505641783,0.0005257365115672814
15,0.2915547269626584,0.0009593250007391919,0.001499450873123868,0.6955524858767039,0.0014886358788049113,0.0007665120432996118,0.0009195304518731765,0.0007403424878200883,0.0012365898362361903,0.001261282199964081,0.0009050814848326497,0.0008507838531071689,0.0008150195778156767,0.0007487847372390575,0.0007014487357820722
20,0.994477610112395,0.0003904595268487951,0.0010769679241408414,0.0005616778998929842,0.0005930956974008699,0.0002135880703420319,0.00029139850651567327,0.00028768844678639225,0.0002014714039534147,0.00041183572890313576,0.0004288834256919594,0.000296346216644188,0.00032658683517633854,0.0002514049800152045,0.00019098522529308848
27,0.6805276652748726,0.00807966358088266,0.2374312305274699,0.01786153554216805,0.02728830862590894,0.002646811460106659,0.005988820682732335,0.005201966243934891,0.002874910263883906,0.000797337454745665,0.0024466596130003075,0.0052034698304576936,0.002581286155827404,0.0010663240840536907,4.010659955302403e-06
29,2.042608868612546e-05,4.328585828275639e-05,3.2774713748574744e-05,4.270177715208836e-05,4.498935920087408e-05,3.0944705419978995e-05,0.9995118577745725,3.505960848713968e-05,3.5980653559105406e-05,4.012776025493037e-05,2.7349829523539182e-05,3.375125833498353e-05,2.915386304866063e-05,3.653170289750545e-05,3.5065046831373744e-05
31,0.994051927047926,4.363666275703695e-05,7.908912943562437e-05,0.005413528137299611,5.262055781807451e-05,2.6664810096854507e-05,3.33921447840491e-05,3.591114466672723e-05,2.4410003642215973e-05,6.563044727457165e-05,3.133134949151305e-05,3.665310589685849e-05,4.2480199935737217e-05,3.1175708885215555e-05,3.154955008984057e-05
34,0.005385921357045425,0.00020508119603250007,0.9930932918044684,0.00017785284836191638,0.00011144076908118821,6.162705726774828e-05,5.935925600524947e-05,5.334418119617735e-05,6.686752546097552e-05,0.00018069218351801576,0.00015725486514089334,5.7534958983131554e-05,0.00027096419320704195,7.373663481314236e-05,4.503116941825743e-05
45,0.958445483315059,0.0017828023648123336,0.01541882007228804,0.002499877104067161,0.006942776162951169,0.0010272242614010627,0.0011998193769458302,0.0012180932959254928,0.0010458750245179547,0.002708987522487469,0.0017685087185005833,0.0012532421314066515,0.0017710441963182247,0.0012498976041204486,0.0016675488491986108
53,0.07093633558160621,0.0012078766204767187,0.00186877253844449,0.912100025743007,0.0020217163170923686,0.0008826169121204185,0.0011310640246964042,0.0008894759575046111,0.0016126113938624161,0.0013696324177489686,0.001981477441415467,0.001050175467260381,0.0011708792499886894,0.0009216777830233062,0.0008556625517526875
55,0.9980496952257819,0.00013604927011710263,0.00016310160635712336,0.0003055009220107321,0.0003352626040668415,7.899581260545098e-05,9.541724103348244e-05,9.959060049271991e-05,7.418381746258886e-05,0.00017943599785075345,9.24393126412444e-05,0.00010294186250012395,9.947756849484824e-05,9.513136066738767e-05,9.277679791766999e-05
61,0.9925704129980091,0.00045338229504577303,0.0008919688456621674,0.0009268494214036639,0.0012271674044626263,0.0002670375736787371,0.00032295533613547784,0.00034272951322765667,0.0002625820318786894,0.0006326074836988505,0.0005156983058135214,0.0003805322472492387,0.0003984743690499776,0.00037333610696880045,0.0004342660677156485
76,0.005004871173085416,4.023870237107313e-06,3.4108449766398158e-06,0.984952319070556,3.2286200266314647e-06,3.372264519361621e-06,3.206508738347606e-06,2.8800888587262026e-06,3.7235828510177936e-06,3.3620105923448733e-06,3.588242750209075e-06,3.6173248186129614e-06,3.388858660671345e-06,0.005002956319586132,0.005002051219742812
79,0.83726324177933,0.006710567372768812,0.03831089418562706,0.029714343398428617,0.02304225711832748,0.004288479888417928,0.005215177982524499,0.004412464559723604,0.00445272051831324,0.008304748158870596,0.011655950330049882,0.0050312065513869525,0.008340591563739544,0.0051249584433166505,0.00813239814917503
88,0.9893523702560029,0.00048709712217616104,0.005570036296570342,0.0007677507614640632,0.0012133473207206573,0.000172994388737383,0.00021853263943968137,0.0002221912900258188,0.00016225504145109973,0.00042645128859457966,0.0005500914185292402,0.00022346708870956325,0.00023049937989896976,0.00020505770106511988,0.00019785800661442846
91,0.9992344527570775,5.0790045722067896e-05,7.100855535999274e-05,6.029739035896729e-05,6.063119326441351e-05,3.4053287692918134e-05,4.2038170983530014e-05,4.601524533743666e-05,3.054408900019012e-05,0.00014341093803382839,3.6185431430319076e-05,5.786770612517695e-05,4.531211580988545e-05,4.194536902072593e-05,4.54477047830858e-05
93,0.9994330752436813,0.00016744461613862167,6.672849173023654e-05,5.144160871131845e-05,3.7336141337680366e-05,1.8991826188726213e-05,2.6335322652373922e-05,2.8828161933464006e-05,1.787884522891675e-05,3.798522290194534e-05,2.305903739764791e-05,2.759231756421895e-05,2.766144504252271e-05,2.2025746096317645e-05,1.3615973394839363e-05
95,0.9992027456707073,5.8151313106497536e-05,0.00011173999615227353,7.862255181733904e-05,8.098477930729946e-05,3.586654683910608e-05,4.6936745485887e-05,4.930180484411872e-05,3.377112035211801e-05,8.426590047221395e-05,3.977307578064851e-05,5.215005785916077e-05,4.7926711108259586e-05,4.186352587826407e-05,3.590020028933361e-05
98,0.011003542660642162,0.0015690439358358032,0.008754361692843183,0.005974725665175772,0.0009222839149477944,0.9547844450469101,0.0060810203068801276,0.0006843407505802618,0.0006911584983753901,0.0007393084103551984,0.0012665215489197363,0.00563759351377056,0.0007645543780937256,0.0006420783668545319,0.0004850213098155922
100,3.881797357610288e-06,3.1289529481729565e-06,2.0219044397563007e-06,0.9999662823929841,1.9408514001159938e-06,2.604669884572165e-06,2.6103100330008162e-06,2.3041386993226806e-06,2.732258869150361e-06,1.8580222187323366e-06,2.4841715442146614e-06,3.212346608939417e-06,2.2119103425829425e-06,1.9448730607202947e-06,7.81399609023412e-07
113,0.0571277590820235,0.0006745454623050896,0.016018197930145642,0.9093329295264829,0.0006611123561906142,0.000544626996507084,0.0005518189058536653,0.0005466546631742523,0.0005572657866311984,0.005775131771790623,0.005914969326958287,0.0006224926370108491,0.0006027287682764135,0.0005768754065865503,0.0004928913800634128
115,0.9996767648995988,1.9985395218031668e-05,4.551325294404242e-05,2.3794938317643615e-05,4.3316814277897276e-05,1.432353343958157e-05,1.712452232577524e-05,1.6713476196157004e-05,1.3472729559477254e-05,3.5638379363994896e-05,2.0977050499087157e-05,1.669042016866222e-05,2.366478998232036e-05,1.5051679759815126e-05,1.6968118348717203e-05
116,0.7696525784960879,0.0036749581032882507,0.01268420977957592,0.005459610903407124,0.009344454476473498,0.002275068591678543,0.002583937209246821,0.002626614255199275,0.0029241492437462125,0.0052379791232401015,0.00930975236356991,0.0026379995707596967,0.003555274849314504,0.0026003985300213557,0.16543301450439094
121,1.125771137138616e-05,2.0925585598074193e-05,2.906642146006855e-05,1.5391807932803012e-05,1.0312065831883582e-05,1.047865231981723e-05,1.4422697430415452e-05,1.3760165022379873e-05,1.1979772416608834e-05,5.965319483952263e-06,1.3308317779984952e-05,0.9998220916963672,9.446982420785836e-06,9.466778582199708e-06,2.1260259826579143e-06
122,0.04986913055852829,0.0013817435491624208,0.0025792520035724112,0.9359063223285897,0.0013096723294241828,0.0007979316596055853,0.0007706206001582561,0.0008291442574210059,0.0011090168240126706,0.0009362036621407904,0.0013578605167068882,0.0011647438098775858,0.0008106478734420402,0.0007283080137436043,0.00044940201361457627
131,0.9996745416236898,4.065581681290811e-05,3.0445003319549043e-05,2.857480466419237e-05,2.703085687442565e-06,1.2283780934741345e-05,4.6646321410412533e-05,4.4836020866638484e-05,1.1756826380963204e-05,2.736454043657892e-07,7.365042641318704e-06,8.681742874005526e-05,1.094610907135976e-05,2.154191238533666e-06,2.99137664911047e-10
132,0.611698647569848,0.024054631831618278,0.22223380507144241,0.04386344470301015,0.017389651190191553,0.005446596193253069,0.005964355179182211,0.0058300029396845445,0.005979064413524598,0.013063755622517288,0.012732973305273641,0.00675685044477092,0.010225533357401726,0.008676187384937261,0.006084500793344197
136,0.0818217074041524,0.0021235714719935123,0.015346766939067127,0.8789768323209259,6.070585526033443e-06,0.0003186319405176378,0.002251849591286654,0.002026584277949186,0.005294311388905409,3.316972825294428e-08,0.00510639490552206,0.0015123686468955138,0.0002088994682887287,0.005005977889126252,1.1517876783924064e-13
139,0.47623436413366177,0.027710159947402637,0.3164190513928176,0.05155434660686639,0.017845349484822984,0.011473733816089737,0.00713110302122384,0.006427481049379871,0.008503000800721817,0.01801366023356445,0.015165091140591022,0.006383234199580198,0.02320439435643775,0.007225633431765247,0.0067093963850747215
141,0.8297968812627994,0.0012845968878238672,0.00372982497355631,0.002069615726886627,0.15130810695187935,0.0007105357611580879,0.0008798117414400848,0.0008680058171794781,0.000739906144789769,0.0038843512212769623,0.0009396528259083134,0.0008911401279050646,0.0008472564188082139,0.0009605443914033336,0.001089769747185076
142,0.6447094353003314,0.023812890839833106,0.10130995516266486,0.029181857855121313,0.06862206932686939,0.007692162074397471,0.008476521408048379,0.00928675718722758,0.008852162018417731,0.014818089731478312,0.02088474556443154,0.008874800656856911,0.014360852801407482,0.009987860679658508,0.02912983939325595
147,0.9997688955212005,1.4985710606188868e-05,4.050499487540017e-05,2.2978168754095644e-05,2.6609323040192407e-05,8.97030086037467e-06,1.1220984512219195e-05,1.2475013061503893e-05,7.901398341695288e-06,2.348051103781895e-05,1.4582037471243939e-05,1.2785318094520204e-05,1.35756728121066e-05,1.068555854474965e-05,1.0349486787383567e-05
149,0.005046074629756645,4.864143661367124e-05,0.0009244429199032966,5.85550491675993e-05,2.159284080234327e-05,2.6564666055833414e-05,4.392190575796284e-05,3.744407598600668e-05,3.0808082549245584e-05,8.271830929228941e-06,0.9936495628025823,3.519969130341641e-05,5.0255505961139494e-05,1.8047909688610486e-05,6.166529427187238e-07
160,0.020005441618997255,9.433778635426605e-06,0.9799593496309491,4.298993994914834e-06,1.527065541639271e-06,1.4047408242485643e-06,1.6864339316791387e-06,1.254555960647111e-06,1.7777401471247423e-06,5.4546842442176515e-06,2.919620405328126e-06,1.2829344086887806e-06,1.7156913962299058e-06,1.695255543566522e-06,7.572550199063406e-07
163,0.9947239031070825,9.180627673737811e-06,0.0050127166509956285,1.1818131479788468e-05,1.5113836524439702e-05,7.252438939866877e-06,9.25848396332025e-06,1.069088225858309e-05,6.231127632303715e-06,1.8269273595272313e-05,0.00013421982228015001,1.0049832523982663e-05,1.1907577605499759e-05,9.271913508057306e-06,1.0116293936753902e-05
168,0.9802420154485473,0.0011928607615551328,0.0031786148931603575,0.0028685210290346876,0.002552556333530328,0.0006923326241808605,0.0008092724741986552,0.0008415193861324566,0.0007553337829566852,0.0016431026107716728,0.0011772832551390526,0.0009665805865379057,0.0012304180687435853,0.0009254992808095649,0.0009240894647017694
172,0.9883880098184213,0.00022177003207698713,0.00954189466055133,0.00022795614259422427,0.00018071619144042158,9.727981039616759e-05,0.00012665823269319106,0.00012021606669903103,9.386749789608925e-05,0.00030475362579488136,0.0001969646084408882,0.00011708689783871226,0.00015033316058293172,0.00012114180323974956,0.00011135145133416077
173,0.25085158638618577,0.13322129282516665,0.24377416526665485,0.04934663781452839,0.057493879616441146,0.016488159466335285,0.05178942233067369,0.008124816628092895,0.015357915319909786,0.049375120332989964,0.07014578609041974,0.011863446747518639,0.022470979849827113,0.011707844871302454,0.007988946453953576
186,0.06792239152902081,0.021064033430099816,0.06094175623846688,0.020383327380795648,0.025791566523011098,0.002107560907035837,0.002407729308506594,0.002401214160730513,0.0028644039973312156,0.002899923622570702,0.7697063521705811,0.0022975729131859825,0.014950796085234107,0.0026492296773603526,0.001612142056069271
190,0.9935103785490169,0.0004042873983471036,0.000967983882887704,0.0007754518333843527,0.0005548796752380852,0.00023628254526125863,0.0003001296146319609,0.0003020547096066941,0.00024488537996175674,0.0007038425620800134,0.0002883559960631901,0.0007898609773025292,0.00029707316207397384,0.000302618135519206,0.00032191557862527273
195,0.6079570113154747,0.033042642936184634,0.07656987450807612,0.02565506398520311,0.0715186000624301,0.008881698750618672,0.01077191550771855,0.010202830568432594,0.010288940736578897,0.01910026302282687,0.04196632464649328,0.01128269166496507,0.050875553151511994,0.010945135608391577,0.010941453535093851
200,0.01995280852340367,0.0014639961533155193,0.8059772125486072,0.0025283285493839995,0.0014353341858141706,0.0008927396811754095,0.001123924540687868,0.000854096212189386,0.0011742384315124102,0.003051583276844443,0.006790050022398442,0.0009538179209991624,0.15174758733988064,0.0010869019650149377,0.0009673806487728179
209,0.06516016579974296,0.004501758771401636,0.07622297839736647,0.01125122344120845,0.019567528650998166,0.0019466750739888343,0.002431361577593535,0.002005900345083564,0.005762530646423753,0.002917173733105136,0.7962978364192577,0.0021203681782744543,0.006147785463274951,0.0023527005167737797,0.001314012985506699
210,0.03854183648335875,0.0021752607584899935,0.944867293405214,0.0016961621331082512,0.002316717292101722,0.0005835133015588703,0.0006250942173966261,0.0005773235881399297,0.0008897999607021609,0.0015309511652410637,0.002850545022997769,0.0008217439234158535,0.0010252103699027765,0.0007481382200034426,0.0007504101583687363
214,0.011046851437774561,0.0002921537442023354,0.9806839364753791,0.00544543488515515,0.0002432277906655469,0.00014287144088229108,0.00017694874373190802,0.00014008889545603234,0.0001832520002117808,0.00043318456912595744,0.00043548147441561583,0.00014069160423875536,0.0002609639182452026,0.00019326918716651464,0.00018164383334932235
215,0.9982971057054199,5.559608424535084e-05,0.00011635087112181735,0.00014611067846171045,0.0008303309587157603,4.05213735916976e-05,4.69080597448914e-05,5.199662275161945e-05,3.5462895702352187e-05,0.00010053131522501241,4.1496406562225906e-05,5.342345598987158e-05,4.8808201940284804e-05,5.909949504351329e-05,7.625787548422098e-05
217,0.0014705985803499268,0.0004266873518227803,0.0009571229967017934,0.0006378442936474178,0.0006123371120646224,0.00028375096043482855,0.0003302436016252258,0.00031736806300940634,0.00032365434265686603,0.00036979986107987475,0.9926669413283826,0.00041949646055959203,0.0004775335633258964,0.00041389174334450455,0.0002927297409944981
231,0.9522733368723187,0.0018660139076665148,0.004456816838033368,0.005570361703992068,0.018875880469699846,0.0013363499648040933,0.0015498649707690868,0.001505668080556405,0.0013053607316511453,0.0027061829380819104,0.0014756114766294826,0.001520478811120291,0.0017019887036101864,0.0015348553386376554,0.0023212291924293036
232,0.952404971113372,0.00248618958768378,0.0026532709789741896,0.010471820163884484,0.00798158229901901,0.0014745998902735234,0.0016821636420057031,0.0017930965372952058,0.0069710918421366265,0.002261829978673616,0.0015784123901984564,0.002011489321412566,0.001726740464289004,0.0019336520366629935,0.00256908975411903
239,0.0691160812734877,0.806804781544119,0.04170224305397362,0.006743350032618367,0.026630364758869093,0.0029991974611657196,0.002818263050279109,0.002802099485455122,0.002839907605746798,0.005552911800657008,0.0198296908803718,0.0025786651532286042,0.004162192444553083,0.002968769881345864,0.0024514815741290105
242,0.0054571959136376445,0.0001232597438159826,0.02022723850680055,0.9733116867058125,0.00012314867215077596,7.779078186002308e-05,9.501310174584605e-05,8.389704073438972e-05,8.930824593068389e-05,5.577907511417812e-05,8.902074116309212e-05,9.416630118700819e-05,9.538645120188899e-05,6.09140150931108e-05,1.619470375241429e-05
248,0.8738069532213337,0.012196702785432202,0.021770146139165652,0.009886363048345292,0.05440384314507159,0.0021879030494889695,0.004261653541070706,0.0030200718887721544,0.0024761466926595884,0.0021751574663988107,0.004325815994474749,0.0033642787808441186,0.0036861277567288788,0.0019670772208513067,0.00047175926936238557
254,0.9856507640470187,0.0005317968339494977,0.002637974863026502,0.0007033492837860815,0.006727550280782351,0.0002496149431925883,0.00029900751402321733,0.0002955355683084215,0.00024578308146886005,0.0007147961534412905,0.0005804869242597744,0.00030378268971905937,0.0003948461975303954,0.0003105390010062984,0.0003541726184868947
265,0.9868106330125868,0.0006989305099110521,0.0075885949033357904,0.0005262029268138887,0.000569727321017137,0.00023023795555580996,0.00027823768605807485,0.00028978504516592106,0.00024092110138986236,0.000639446238112125,0.0004616819474545572,0.0004932621876647581,0.0006568008913757638,0.0002810010046624373,0.00023453726889593898
268,0.07970442512619418,0.0012278444250785922,0.0015180088715128514,0.9089852681262824,0.0015250412425025417,0.0006786160127742637,0.0008423742278464534,0.0008062774520113991,0.0008919281727142271,0.0003474881086107199,0.0013147893543360284,0.0009088570318162175,0.00073509289461319,0.00046182239103403336,5.21665626730636e-05
269,0.8783352627644492,0.009698996486510788,0.018480069399083737,0.026512125384918202,0.005270365258760875,0.0027499677480794693,0.004677995999430182,0.003542217286982368,0.016081973506141725,0.004653976406044853,0.003443882160699589,0.015337312170082416,0.0033409781696263977,0.004284361531592244,0.003590515727597962
281,0.974346060735154,0.002480740995913622,0.011907558440850789,0.0012010803473710022,0.0009685524461461928,0.0006310492285143987,0.0006495581976737637,0.0006395285083774341,0.0006460232773937036,0.001403482201730339,0.002471076549152985,0.0006343018776406651,0.000870671212820856,0.0006284104714830921,0.0005219055097770657
282,0.2556518450717878,0.003150772150714804,0.01974014357395163,0.6883983533418119,0.005428326878064238,0.002224358397022665,0.0026968391004070767,0.0025068833386913372,0.003390451458204567,0.0035923894787167924,0.003178080870973326,0.0026316404911898247,0.002625038271551056,0.002486844007640535,0.0022980335692724843
286,0.7916226988555792,0.014410924640423517,0.09158974786992528,0.015116947010955483,0.010223811802735698,0.003826344072727032,0.004409284321494393,0.004345088561583191,0.005714801652760316,0.007999035379611113,0.00771695095667564,0.009388277533764904,0.008960348964984396,0.02009749335313412,0.004578245023645697
299,0.6582260099749746,0.0015941134285755473,0.006709484003828344,0.3191218704076511,0.001634614894946967,0.0010987856143291222,0.0012236478054112358,0.0011471914304655244,0.0011188787057627018,0.002026630641286599,0.001240310455260474,0.001304174439636964,0.0012015930863096048,0.0011810755227248382,0.0011716195888364016
303,0.9943395399508032,0.00032191378240442446,0.001082713700776446,0.0007900359578134343,0.0005696074865773504,0.00022584428835165863,0.0003419414670595581,0.00026542806439685667,0.0002001307850380507,0.000497806322586596,0.00023280935201420788,0.0002622067379313126,0.0002682607639773766,0.00025188064369689544,0.00034988069657262435
304,0.12164874671945583,0.0016942062294133895,0.0018285966842408446,0.0011209794524469179,0.8688369164998532,0.00036759532944493674,0.00040919367020703703,0.00041027360411461825,0.00040175314814537886,0.0007643599318587767,0.0005145942606937892,0.0004897485298528523,0.0004532982808071231,0.0005942430850149926,0.000465494574450496
308,0.7571311052017662,0.010984135656641346,0.043624947691233824,0.034600503606852094,0.012615133877454074,0.006901341216055997,0.011415479755812604,0.006741287976747477,0.007251051459661138,0.017837373201198724,0.013309481936208234,0.00886746951141422,0.008677603724988296,0.007812370469856516,0.052230714714109255
313,0.012768849342341149,0.0013287876550150397,0.981902596565267,0.0006454981808864225,0.000515753204752639,0.0003539533231265263,0.00028423674113177503,0.000261122913428602,0.00024289394682471801,0.0002957509444254323,0.00044170142231370025,0.00029012523027555326,0.00043994785917456216,0.00019510823391176403,3.367443712511403e-05
324,0.015009248393561964,4.651167659154515e-06,0.010003609361352608,0.9599368239777284,4.2639766421023825e-06,4.17383813281194e-06,3.862081742863549e-06,3.517611301351484e-06,0.0050045899510963235,4.754338535339355e-06,0.005004275178514029,4.565935237914758e-06,0.0050043827249656985,3.965446589528974e-06,3.3160169401749395e-06
326,0.15827767587849628,0.0018531789594773522,0.8205797667986061,0.0029802326599515493,0.002309033227934653,0.0009473276067901648,0.0011222887201293357,0.0010151089386599313,0.0012098925415977638,0.0028039328305230226,0.0020568476156157755,0.001047465962294614,0.0015495575393169286,0.00123398001035461,0.0010137107102518462
327,1.1313426212759466e-05,1.1103333775021479e-05,0.005008969228460289,0.00026408756343063503,2.0115243236542663e-05,1.0451347180756702e-05,1.176564882640036e-05,1.0546363165432368e-05,1.198646512732572e-05,1.1223574489984368e-05,0.9945756371247101,1.0986784709747291e-05,1.972355818098924e-05,1.2134407006923845e-05,9.95593148692389e-06
328,0.06869779705614683,0.008145695624480587,0.002458938662259035,0.9093436633253462,0.0005102719839488813,0.0009763943162639251,0.0021849725685810636,0.0017353686760471893,0.0011309024482115853,5.553911698095947e-05,0.0015184809338774751,0.0018149058301070002,0.0011701265105954865,0.0002565533088231687,3.8963833047832116e-07
329,0.9800696912157842,0.0013594051329980754,0.0027171508989024856,0.003586412467278737,0.0025440652713401494,0.0006956412891728281,0.0008466017541987338,0.0008423711125837822,0.0006967258017976903,0.0018744580505543494,0.0009635693584660753,0.000878335734674171,0.0009198021670597407,0.0009624068548372265,0.0010433628903517551
335,0.016783896814016288,0.00019887294692208588,0.0053560205011434275,0.9712695517876047,0.00019967383142541927,0.00013843014966104288,0.00016390797866175496,0.000156807629946371,0.0001359415641545425,6.740571137544146e-05,0.00013186469940505908,0.00017057896712878453,0.00012810362484175805,0.0050871118557236335,1.1831937989650138e-05
339,0.4764740206842161,0.18800717219239452,0.11110116789509764,0.05562244959290582,0.04090910774328556,0.0073685757273973555,0.006721631156714703,0.006784662648662158,0.007319478795139464,0.018063382933160343,0.01809905529771806,0.00703461731673092,0.04092435944381107,0.007795237883707432,0.0077750806890587686
341,0.8222041896504277,0.00440206224524449,0.13835174259295838,0.0037952551263850673,0.009308971774871493,0.0014315258697112406,0.0013838233363210363,0.0013496682928673016,0.0018697421494169783,0.008028087379598967,0.001813134901301576,0.0014216742231839448,0.0015971102367902355,0.0016828779716959832,0.001360134249225601
343,0.00016974142938501534,0.005048116663659841,0.9889701121089984,6.742834422029289e-05,0.005042808983051901,2.5382475315119663e-05,2.728285742186204e-05,2.4324359323738264e-05,3.067074038028307e-05,8.680832318468442e-05,0.00036380963825356966,4.251345351090205e-05,3.91598874996697e-05,3.359043565261601e-05,2.8250300142123715e-05
345,0.9360206601355032,0.003726167101516957,0.015594553669640639,0.007284472164239368,0.011318932327270784,0.0021914499889805483,0.002226261699057193,0.002575932081841242,0.0019591108624972364,0.00368117737627896,0.0024795846518651174,0.0022216898188006655,0.0023455738808688224,0.0034358851785423407,0.002938549063096931
346,0.00028268951612574043,0.9621478202022171,0.030308281972702515,0.005245069060527128,0.0002127574215882956,0.00034546786171162677,0.00014555401078633084,0.00016622131024818983,0.00014322696077445957,0.00017681244512802126,0.0002324973142179286,0.00012780621705495116,0.0001813739439063264,0.0001450614489135157,0.000139360314097687
348,0.5438570373095759,0.0010768618914317957,0.44376193409739817,0.001599447779197586,0.0017288771556349754,0.0005435740725694871,0.0005975516494367076,0.000579089319111438,0.0005524111002902689,0.001894079603744627,0.0010705831250811418,0.0006224292135594352,0.0008159194661369031,0.000703668063032076,0.0005965361537994292
350,0.9985258400087698,0.00010409336880310005,0.0003643606519136786,9.459960362726808e-05,0.00018667010872675327,4.5712218103942125e-05,5.558485441419755e-05,6.388372036801578e-05,4.479996751732612e-05,0.000173699376276344,6.012933779566308e-05,6.025600722965296e-05,9.089637286540048e-05,5.680129987568391e-05,7.267310371350641e-05
351,0.22708203304635727,0.0012253402864750773,0.0008342127740635457,0.7638380703838042,0.0009865488091569492,0.0005098342496513788,0.000546042667425359,0.000535971016038567,0.0005048778022682663,0.0008304379151065028,0.0006323115510671879,0.0007634035622555741,0.0007532800241773962,0.000517757004542363,0.00043987890761044025
357,0.9985639202894482,8.597944103278463e-05,0.0001797848061808722,0.0002684227751114928,0.00011829561207912566,5.721964118827021e-05,7.059199776686032e-05,7.751572797227711e-05,5.6684814168219586e-05,0.0001381971309903716,6.425874617233392e-05,7.649907893214533e-05,8.84779474777679e-05,7.450073940185446e-05,7.965125207756881e-05
362,0.5827374813527033,0.011261058941278991,0.2434066612062528,0.06381779846749502,0.03088114392757698,0.003856729480798858,0.004076760621778245,0.003940979426658771,0.00397342663678812,0.016618440105718574,0.010041993706359512,0.0042995765999281925,0.01229053542628515,0.004716155656401954,0.004081258443975532
390,0.9992209128458069,8.232203446310766e-05,0.00014317733651379453,0.00011772714266938785,4.739665737345594e-05,3.863823083835636e-05,3.594743462084872e-05,3.800911893758229e-05,3.5518631241465404e-05,6.41831650326189e-05,4.30184497851538e-05,3.8361281754754796e-05,3.749525076848874e-05,3.222806004174159e-05,2.5064360152350484e-05
393,0.9256525267079377,0.0007510894130470731,0.0638942365828737,0.001084625230845511,0.001065357473956316,0.00044616603924776114,0.0004954732949640246,0.0005287203701872855,0.0008051832895265627,0.0011745365445739325,0.0015264973000518101,0.0005483633679309263,0.000878807908877585,0.0005416102855205485,0.0006068061904593006
399,0.007110376628845061,0.005876054196294462,0.0005552872384988152,0.0007037915703944787,0.0006444752706876791,0.0003622464317378521,0.0004090260710480868,0.0004238606255951136,0.0004048450506647218,0.000480167138701302,0.0004027840553005545,0.00042697110380954717,0.005401138369460944,0.9763933985408746,0.00040557770808673644
401,0.99743593602525,0.00013024303468887823,0.0008308452947569211,0.00016150573310089308,0.00042536676500153103,6.547266280608771e-05,8.027789266896172e-05,8.496705984326701e-05,6.423362166926508e-05,0.00021156283132696944,0.00010340519796995918,9.602991132338065e-05,9.071339339077377e-05,8.505525367560135e-05,0.0001343853225275866
405,0.9985236660230099,0.00016995962750765238,0.0002518903213772455,0.00011506998920532124,0.00011462975401384209,5.834204300293453e-05,7.293236437793983e-05,8.099412411689549e-05,6.095243109793435e-05,0.00015060881153081352,7.243912286686417e-05,8.433973272321193e-05,8.831992714602875e-05,7.859054095423085e-05,7.726518706916842e-05
409,0.7711489799902551,0.020164101311463345,0.03134545881842071,0.023253778475682826,0.07383270477030715,0.004922919839128655,0.005810067797906396,0.005685808408293593,0.007258243692515308,0.011123299721486245,0.009442611123110768,0.006388955790295153,0.006038234685897574,0.01591475957073706,0.007670076004500116
414,0.0007511490278081163,0.004795866520456351,0.005593621230427077,0.0005927974281541369,0.9859075681002567,0.00018634402663732778,0.0001973054621688599,0.00019920239391351102,0.00020756260968031654,0.00030444452638066807,0.00034758829368921603,0.0002136065303789722,0.0002460428486173769,0.00022993979130107316,0.00022696121013015573
415,0.009281950988618348,0.003057209581300739,0.9802049720965778,0.0010839205356383205,0.0006764212121808226,0.0003907481144895267,0.00044399275543704255,0.000409162835107294,0.00045086187166760376,0.0010665706884365395,0.001145117400601457,0.00038528214187527957,0.0005308699898716704,0.0004932582171201283,0.0003796615710775803
428,0.7270112141301757,0.003727324334791036,0.19059644564161465,0.03094000926394867,0.004820119524356463,0.0028089566267025154,0.002684138706466167,0.002539679314528749,0.002516432462570734,0.005341628205716846,0.013523939023135955,0.004096903642175576,0.004081553815456305,0.002884914508502865,0.0024267407998578676
449,0.01524770004947649,0.005644346045453932,0.0051554158297022,0.9629665178633434,7.994982689093569e-05,0.00010387956325225626,0.00010939121176140137,0.00010669199096740473,0.0001160373636626871,4.367044914417004e-05,9.888440868921205e-05,0.00013229531983322554,0.00012256268600539086,0.005063947920066068,0.005008709471751064
455,0.013761449563606618,0.001660798831093864,0.9748432086199159,0.00248761237455417,0.0013050430795014058,0.0005863813229972508,0.00044552868726285887,0.000386645136510203,0.000482758598552389,0.0012923915803198216,0.0008712552666567858,0.00045425323767872273,0.0005996445879585492,0.0004906928908468859,0.0003323362225445558
468,0.4899871420301245,0.02963726479059213,0.05085290643578466,0.329758762970069,0.026091439947310627,0.006002503552773073,0.006220104596376175,0.005590431549598387,0.006115400625510598,0.011592414319556606,0.008467403197104373,0.006260462929563702,0.005907307780684615,0.011518296616143488,0.0059981586588079405
473,0.7201626297674526,0.014387483037028618,0.07733299709872772,0.046732049825252975,0.029543900466694688,0.006939606719387798,0.007822957867209025,0.007251968892238465,0.007858377508577007,0.019046783247994144,0.021908465177871265,0.009593181756107473,0.008329855886056194,0.015462886623597776,0.007626856125804317
487,0.010012518612516738,6.329339225442518e-06,0.015005149868414377,0.964917518448976,5.992113905329449e-06,5.3198829694086706e-06,4.9282608589066285e-06,4.497142031674796e-06,0.005005622637723262,6.202411308353629e-06,0.005005469519493864,5.6635079994424925e-06,5.4704880894670665e-06,5.124310695711353e-06,4.1934557920120926e-06
492,0.9957221622016372,0.0002821939458784785,0.0008298701541112016,0.00048424072352483107,0.00042153924599163154,0.00015731626549629374,0.00019647882787367804,0.00019522428043299125,0.00016735589673168275,0.0004543804202383049,0.00022434259560117796,0.00019897164898504514,0.00025481899906101884,0.0002029950867459453,0.00020810970769044866
499,0.7959055644833688,0.01100541682590454,0.10144352810940784,0.02863938500335026,0.014655944578907468,0.004096356468859496,0.003968276193432647,0.0037727952863292006,0.003938089839068378,0.008131843898080865,0.006089765226337703,0.003718148947182362,0.005124743998598722,0.005198265996411274,0.004311875144760464
501,0.6752968863642158,0.0029053027335799574,0.018344253723000796,0.004243866031763401,0.013654206443319857,0.0019180787955974028,0.002238061652011159,0.002083546443924144,0.0017993063629639788,0.003621954689834564,0.0021291561229830973,0.265216167005754,0.0020571491012123214,0.002197776413059777,0.0022942881167798052
505,0.5899738669826832,0.0066460774834102175,0.04394399618670754,0.0526694079480749,0.02153622544410287,0.004178308145099731,0.004850987522723314,0.005213688009686452,0.011247382161179355,0.00873097884250674,0.021077965284242006,0.2034585110302395,0.004882980766891687,0.010276893698749241,0.011312730493703266
515,0.9930105448992904,0.00046820279919393014,0.0005892777844387067,0.001414805278962846,0.0007697469051705294,0.00022233968106849956,0.0002923510548695653,0.0002967106508476162,0.0002668063051678528,0.0005099466456729704,0.00037587049220894574,0.0008687248047156099,0.0003363411435560337,0.0002701060449015966,0.0003082255099348138
519,0.9998355803455032,1.5792081913366475e-05,2.0023950951240673e-05,2.126841003034539e-05,1.4120632578404848e-05,6.436017509086116e-06,8.158795168181048e-06,9.010058004330221e-06,5.654296282982095e-06,1.878042737284585e-05,7.98107517125239e-06,9.076052214219016e-06,1.1222697266007824e-05,8.184874762245434e-06,8.71028527241278e-06
523,0.9898808516485632,1.4600490396011347e-05,1.79717879884999e-05,0.00500940588909486,0.005008635840565396,5.12451172825822e-06,7.215690977020039e-06,8.147246635451366e-06,4.4488736749222815e-06,9.403494486769834e-06,7.299498594259423e-06,8.294498986732115e-06,1.0277564349469568e-05,5.837899312708906e-06,2.4850646463659445e-06
534,0.14683151238657324,0.0009772230998180817,0.006648225182576253,0.0011213090876949863,0.838968024559312,0.00046879783637293783,0.0005751428403785406,0.0004543299892544227,0.0004179522532235234,0.0007839503840587532,0.0008938478800908226,0.000446569217125469,0.00044712016897068495,0.0005102535595718243,0.00045574155497863397
535,0.04097986738913586,0.0009171061876437651,0.0013882118973583166,0.0011732014570209224,0.0009739186652880006,0.0005914810938638,0.0006926654007470754,0.0006940168402510225,0.0007006261324368164,0.0008110310430225699,0.0007802834833831458,0.0006891080015075437,0.000646161309599102,0.0008432651461516066,0.9481190559525905
536,0.819200913774049,0.003238366889401856,0.01143512258611486,0.13614473991597734,0.00535468964055154,0.0019467631528580383,0.002251505018062084,0.0022452080828212198,0.0019651625481096327,0.0035633954538842097,0.0021324558539931363,0.0029802558887624063,0.002323501639090134,0.0028024343314306042,0.0024154852248939773
542,0.0011083120291344906,0.00013924949065506926,0.00011371076320097978,0.00019661687107156358,0.9970354066840192,7.440700677438962e-05,8.707678914306671e-05,8.24320937378161e-05,8.420219752521243e-05,0.00011676474018855499,8.925786444941566e-05,8.461471287906868e-05,7.598170696088854e-05,0.00010525896421355999,0.0006067080860465423
559,0.6788003775811454,0.004592027229552138,0.19303607681856913,0.01657654563097578,0.0340425386699431,0.003197663198200239,0.0034318621324110595,0.0032125068487303455,0.004603953530188998,0.011969033065578333,0.028258501475394812,0.0034876152457161773,0.006876154509885062,0.004203291353624021,0.0037118527100854014
561,0.5207896257577305,0.020319026379081187,0.25974790151768967,0.02979478057966915,0.04477389379532655,0.008324093461940305,0.025918597967393518,0.007630128747699756,0.008277575394999041,0.01602203185211001,0.012730324674089015,0.009116967756636528,0.01876476174503929,0.00894674195000657,0.008843548420588952
562,0.9997961863652901,1.3303726525564007e-05,2.003619854511049e-05,1.7334288261213294e-05,2.0064468946411857e-05,9.420138027316188e-06,1.2797098077862685e-05,1.414648663090792e-05,8.407381200066661e-06,2.5388505829359693e-05,1.0123095678105812e-05,1.4201919996666604e-05,1.3019768982724421e-05,1.2091402342180863e-05,1.3479155666409119e-05
567,0.8292667517846717,0.004614348030370744,0.059200063606985126,0.0069838201647834915,0.035673763573626775,0.003063905234463379,0.0033017375902734273,0.0033436462683869997,0.0033997470136167673,0.006374962995564321,0.02950576513992656,0.003539592277485339,0.003906128982053338,0.0037314225410905633,0.004094344796701565
574,0.9486600798250208,0.002765998265408668,0.013199121594964799,0.00697218895404521,0.007319920545476623,0.0014850086091381678,0.0018862124902065984,0.0016472698585209386,0.0016543213266425375,0.003670296024988363,0.002431674771816532,0.0024230698083213087,0.0021152684973320137,0.001877349988239727,0.0018922194398777123
575,0.5744707720337465,0.00817635729641857,0.05454860020193031,0.144653069765923,0.12570487649628895,0.0064055194630295645,0.005709497320618301,0.0057687152034314,0.015821681991404386,0.010779250114957508,0.006987369250552087,0.010908426690841317,0.017265335173383505,0.006250259690638111,0.00655026930683642
576,0.6792822945941233,0.024736805352904102,0.05908223846625356,0.03176199436226229,0.01664704910681201,0.010056943786493872,0.010617823999109537,0.006012426215936185,0.005493197228159028,0.019029462418186174,0.007735792489032604,0.006133256170653864,0.1082345056737494,0.007057425119121852,0.008118785017202184
583,1.0030702261149655e-05,1.932357109061852e-05,1.2721201230212105e-05,1.4794227978375276e-05,1.7263218934657987e-05,0.9948051622387808,1.3078576019919828e-05,1.4802112354857212e-05,1.44133023570696e-05,1.4079737269924777e-05,1.3194749069398265e-05,1.3000961390629843e-05,0.005011727901962629,1.3601503543773715e-05,1.2805995755878941e-05
584,0.6441078681985422,0.004261207143831016,0.03182800752032051,0.022298680250646217,0.24559558819931748,0.007652135524170828,0.004758726972481715,0.0030315564158159697,0.003089743735538117,0.00570275154948175,0.008356494393283386,0.004155111361421868,0.00809535361648391,0.003612394911514818,0.00345438020715027
593,0.2898123497523182,0.00229795937130765,0.00408554748293151,0.6881317052499011,0.0016945560835298324,0.0015059078746295928,0.0013804298911907335,0.0012761942279292753,0.001562248675706383,0.0016971380882513688,0.0016368293450573803,0.0016150835994597735,0.0014854329275784508,0.0011313032401725912,0.000687314190036289
596,0.8883403909042372,0.007292229489285282,0.048426472617131455,0.005274273803088986,0.01228893035423665,0.00250833483702882,0.0029568213721275715,0.002990041656378831,0.002625757390864669,0.00640092143993149,0.0061916771687856535,0.004403885525075954,0.0036366938249434207,0.003290789646368807,0.0033727799705151893
606,0.24412928960177244,0.017648908166350726,0.20380809703514208,0.08446639457168906,0.10622957166934324,0.005975851798826078,0.01166030167103115,0.00606115725875683,0.013227697148276995,0.012377120763047082,0.022565873059803326,0.006356966839125458,0.2518898442559977,0.007151903825239602,0.006451022335598226
608,0.9965449506595316,0.00013953620845768953,0.000691512570629503,0.0013408184006634082,0.00020771495789985867,9.155320048151757e-05,0.00010889609758607076,0.00011402723214044601,8.329649737408133e-05,0.00017854350016773088,0.00011420405218735984,0.0001176988959607525,0.0001156136166777863,9.786441442643606e-05,5.3769695815626376e-05
615,0.2862543377076328,0.008679277002401004,0.04094431600547056,0.6005403468695094,0.008671136440251274,0.003822954380192285,0.004085673868451104,0.004243360341440328,0.0040594788027613965,0.006912964281909651,0.007191715953448085,0.009882566979817339,0.004532734899267346,0.005869515699671991,0.004309620767775518
619,0.00541808557611552,0.00023387802458675597,0.0002836341865623187,0.010204789025206029,0.00017257340023297282,0.9823639637631397,0.0001458350810236505,0.0001686625996022046,0.00014676873429711094,0.00013651739852900614,0.00018809204562814826,0.00015491998082509887,0.00014532271095073912,0.00014352959414711005,9.342787915362362e-05
620,0.0007052330072443263,0.993629923335905,0.0011855341539970265,0.00034765332341895445,0.001969273379284356,0.00016971724880220947,0.00018804818697456245,0.0002072563832966165,0.00018214346501415886,0.00025964775181585784,0.0003936509537147313,0.00017339405335246698,0.00025685622463962593,0.00018443312595999213,0.0001472354065800771
628,0.16432076194245554,0.002593337845941897,0.009101165849604931,0.7964124531925967,0.003239123474629218,0.0019815350515112835,0.002009811631566435,0.0019822043308270407,0.0019818133487472284,0.0031725772331688052,0.0032100697567701846,0.0022090404022896953,0.0033729138005888664,0.0021365960515300213,0.002276596087772032
